Date,Location,ShortName,LongName,Administered_Daily,Administered_Cumulative,Administered_7_Day_Rolling_Average,Admin_Dose_1_Daily,Admin_Dose_1_Cumulative,Admin_Dose_1_Day_Rolling_Average,Admin_Dose_2_Daily,Admin_Dose_2_Cumulative,Admin_Dose_2_Day_Rolling_Average,date_type,Administered_daily_change_report,Administered_daily_change_report_7dayroll
2020-12-13,US,USA,United States,12079,12079,12079,10566,10566,10566,1355,1355,1355,Admin,,
2020-12-14,US,USA,United States,3617,15696,7848,3498,14064,7032,4,1359,680,Admin,,
2020-12-15,US,USA,United States,48832,64528,21509,45412,59476,19825,23,1382,461,Admin,,
2020-12-16,US,USA,United States,157367,221895,55473,150528,210004,52501,187,1569,392,Admin,,
2020-12-17,US,USA,United States,269516,491411,98282,258735,468739,93748,473,2042,408,Admin,,
2020-12-18,US,USA,United States,408662,900073,150012,397503,866242,144374,534,2576,429,Admin,,
2020-12-19,US,USA,United States,178254,1078327,154046,173728,1039970,148567,680,3256,465,Admin,,
2020-12-20,US,USA,United States,101678,1180005,166846,99568,1139538,161282,444,3700,335,Admin,,
2020-12-21,US,USA,United States,373360,1553365,219667,365155,1504693,212947,702,4402,435,Admin,,
2020-12-22,US,USA,United States,440171,1993536,275572,431135,1935828,268050,1847,6249,695,Admin,,
2020-12-23,US,USA,United States,557119,2550655,332680,545206,2481034,324433,1554,7803,891,Admin,,
2020-12-24,US,USA,United States,190919,2741574,321451,185382,2666416,313954,875,8678,948,Admin,,
2020-12-25,US,USA,United States,11882,2753456,264769,11796,2678212,258853,33,8711,876,Admin,,
2020-12-26,US,USA,United States,136326,2889782,258779,133902,2812114,253163,297,9008,822,Admin,,
2020-12-27,US,USA,United States,91409,2981191,257312,89572,2901686,251735,280,9288,798,Admin,,
2020-12-28,US,USA,United States,565529,3546720,284765,551804,3453490,278400,2084,11372,996,Admin,,
2020-12-29,US,USA,United States,694056,4240776,321034,673592,4127082,313036,2589,13961,1102,Admin,,
2020-12-30,US,USA,United States,811707,5052483,357404,789440,4916522,347927,4835,18796,1570,Admin,,
2020-12-31,US,USA,United States,407301,5459784,388315,396349,5312871,378065,1506,20302,1661,Admin,,
2021-01-01,US,USA,United States,39503,5499287,392261,38056,5350927,381816,783,21085,1768,Admin,,
2021-01-02,US,USA,United States,244404,5743691,407701,237995,5588922,396687,1827,22912,1986,Admin,,
2021-01-03,US,USA,United States,124701,5868392,412457,119050,5707972,400898,1887,24799,2216,Admin,,
2021-01-04,US,USA,United States,615309,6483701,419568,562043,6270015,402361,40945,65744,7767,Admin,,
2021-01-05,US,USA,United States,774153,7257854,431011,681332,6951347,403466,80141,145885,18846,Admin,,
2021-01-06,US,USA,United States,957780,8215634,451878,780102,7731449,402132,161298,307183,41198,Admin,,
2021-01-07,US,USA,United States,1096389,9312023,550319,816457,8547906,462148,262066,569249,78421,Admin,,
2021-01-08,US,USA,United States,1158962,10470985,710242,797322,9345228,570614,342477,911726,127234,Admin,,
2021-01-09,US,USA,United States,475442,10946427,743248,348900,9694128,586458,121303,1033029,144302,Admin,,
2021-01-10,US,USA,United States,229798,11176225,758261,162203,9856331,592623,65408,1098437,153377,Admin,,
2021-01-11,US,USA,United States,1001668,12177893,813456,680127,10536458,609492,304988,1403425,191097,Admin,,
2021-01-12,US,USA,United States,1171690,13349583,870247,857048,11393506,634594,297016,1700441,222079,Admin,,
2021-01-13,US,USA,United States,1243839,14593422,911112,973794,12367300,662264,254069,1954510,235332,Admin,,
2021-01-14,US,USA,United States,1235709,15829131,931015,1099156,13466456,702650,123216,2077726,215497,Admin,,
2021-01-15,US,USA,United States,1174469,17003600,933230,1057512,14523968,739820,106432,2184158,181776,Admin,,
2021-01-16,US,USA,United States,607910,17611510,952154,541373,15065341,767316,62417,2246575,173364,Admin,,
2021-01-17,US,USA,United States,279155,17890665,959205,241971,15307312,778712,35686,2282261,169118,Admin,,
2021-01-18,US,USA,United States,801327,18691992,930585,593090,15900402,766278,203443,2485704,154611,Admin,,
2021-01-19,US,USA,United States,1254683,19946675,942441,920064,16820466,775280,320821,2806525,158012,Admin,,
2021-01-20,US,USA,United States,1520044,21466719,981899,1117984,17938450,795879,386176,3192701,176884,Admin,,
2021-01-21,US,USA,United States,1528479,22995198,1023723,1270983,19209433,820425,240908,3433609,193698,Admin,,
2021-01-22,US,USA,United States,1521697,24516895,1073327,1324218,20533651,858526,182117,3615726,204510,Admin,,
2021-01-23,US,USA,United States,849094,25365989,1107782,709038,21242689,882478,130571,3746297,214246,Admin,,
2021-01-24,US,USA,United States,361795,25727784,1119588,284241,21526930,888517,74318,3820615,219765,Admin,,
2021-01-25,US,USA,United States,1260830,26988614,1185231,812860,22339790,919913,435060,4255675,252853,Admin,,
2021-01-26,US,USA,United States,1553541,28542155,1227925,1016819,23356609,933735,519461,4775136,281230,Admin,,
2021-01-27,US,USA,United States,1802872,30345027,1268329,1196907,24553516,945009,584673,5359809,309587,Admin,,
2021-01-28,US,USA,United States,1820820,32165847,1310092,1308824,25862340,950415,496907,5856716,346158,Admin,,
2021-01-29,US,USA,United States,1777001,33942848,1346564,1306728,27169068,947917,441157,6297873,383164,Admin,,
2021-01-30,US,USA,United States,949238,34892086,1360871,725996,27895064,950339,213654,6511527,395033,Admin,,
2021-01-31,US,USA,United States,418966,35311052,1369038,308978,28204042,953873,106367,6617894,399611,Admin,,
2021-02-01,US,USA,United States,1198704,36509756,1360163,691151,28895193,936486,493511,7111405,407961,Admin,,
2021-02-02,US,USA,United States,1547392,38057148,1359284,908566,29803759,921021,623684,7735089,422850,Admin,,
2021-02-03,US,USA,United States,1968443,40025591,1382937,1199102,31002861,921335,750479,8485568,446537,Admin,,
2021-02-04,US,USA,United States,2144448,42170039,1429170,1313887,32316748,922058,814164,9299732,491859,Admin,,
2021-02-05,US,USA,United States,2184846,44354885,1487433,1294169,33610917,920264,875064,10174796,553846,Admin,,
2021-02-06,US,USA,United States,1206712,45561597,1524215,809743,34420660,932228,387822,10562618,578727,Admin,,
2021-02-07,US,USA,United States,413011,45974608,1523365,265935,34686595,926079,141815,10704433,583791,Admin,,
2021-02-08,US,USA,United States,1437842,47412450,1557527,795341,35481936,940963,632255,11336688,603612,Admin,,
2021-02-09,US,USA,United States,1794276,49206726,1592796,977996,36459932,950882,805648,12142336,629607,Admin,,
2021-02-10,US,USA,United States,2109267,51315993,1612914,1158117,37618049,945027,940629,13082965,656771,Admin,,
2021-02-11,US,USA,United States,2188573,53504566,1619218,1188963,38807012,927181,988307,14071272,681649,Admin,,
2021-02-12,US,USA,United States,2360478,55865044,1644308,1290870,40097882,926709,1054211,15125483,707241,Admin,,
2021-02-13,US,USA,United States,1359497,57224541,1666134,814169,40912051,927342,536084,15661567,728421,Admin,,
2021-02-14,US,USA,United States,537703,57762244,1683948,324996,41237047,935779,210879,15872446,738288,Admin,,
2021-02-15,US,USA,United States,1070882,58833126,1631525,578440,41815487,904793,483121,16355567,716983,Admin,,
2021-02-16,US,USA,United States,1446128,60279254,1581789,736570,42552057,870304,699711,17055278,701849,Admin,,
2021-02-17,US,USA,United States,1804126,62083380,1538198,877163,43429220,830167,917868,17973146,698597,Admin,,
2021-02-18,US,USA,United States,1681178,63764558,1465713,775251,44204471,771066,896601,18869747,685496,Admin,,
2021-02-19,US,USA,United States,1789703,65554261,1384173,776832,44981303,697632,1004091,19873838,678336,Admin,,
2021-02-20,US,USA,United States,1192054,66746315,1360253,560666,45541969,661417,626432,20500270,691243,Admin,,
2021-02-21,US,USA,United States,515286,67261601,1357051,228102,45770071,647575,285141,20785411,701852,Admin,,
2021-02-22,US,USA,United States,1312595,68574196,1391581,582111,46352182,648099,724475,21509886,736331,Admin,,
2021-02-23,US,USA,United States,1734731,70308927,1432810,805519,47157701,657949,920739,22430625,767907,Admin,,
2021-02-24,US,USA,United States,2239693,72548620,1495034,1143114,48300815,695942,1087100,23517725,792083,Admin,,
2021-02-25,US,USA,United States,2579469,75128089,1623361,1393997,49694812,784334,1169646,24687371,831089,Admin,,
2021-02-26,US,USA,United States,2749207,77877296,1760433,1522248,51217060,890822,1216792,25904163,861475,Admin,,
2021-02-27,US,USA,United States,1752918,79630214,1840557,1022422,52239482,956788,723537,26627700,875347,Admin,,
2021-02-28,US,USA,United States,729548,80359762,1871165,474247,52713729,991951,252230,26879930,870646,Admin,,
2021-03-01,US,USA,United States,1614185,81973947,1914250,964109,53677838,1046522,644701,27524631,859249,Admin,,
2021-03-02,US,USA,United States,2024416,83998363,1955633,1234925,54912763,1107866,783829,28308460,839691,Admin,,
2021-03-03,US,USA,United States,2321739,86320102,1967354,1428363,56341126,1148616,887083,29195543,811117,Admin,,
2021-03-04,US,USA,United States,2265550,88585652,1922509,1422598,57763724,1152702,838491,30034034,763809,Admin,,
2021-03-05,US,USA,United States,1616159,90201811,1760645,1010826,58774550,1079641,602282,30636316,676022,Admin,,
2021-03-06,US,USA,United States,149939,90351750,1531648,99160,58873710,947747,50565,30686881,579883,Admin,,
2021-03-07,US,USA,United States,0,90351750,1427426,0,58873710,879997,0,30686881,543850,Admin,, 